lu_code	description	Count	Percent	UnitConversion	height_meters	mean_plant_height	kcb_ini	kcb_mid	kcb_end	kcb_min	first_day_of_growing_season	last_day_of_growing_season	planting_date	l_ini	l_dev	l_mid	l_late	l_fallow	irrigation_length	na	rew_1	rew_2	rew_3	rew_4	rew_5	rew_6	rew_7	tew_1	tew_2	tew_3	tew_4	tew_5	tew_6	tew_7	depletion_fraction	gdd_base	gdd_max	mad	irrigation_start	irrigation_end	application_amount	fraction_irrigation_from_gw	application_scheme	irrigation_application_efficiency
1	Corn	131920551	31.65	3.2808	2	6.5616	0.15	1.15	0.5	0.15	30-May	2-Oct	150	20	35	40	30	1	125	DOY	0.1947	0.36795	0.4983	0.58465	0.1947	0.36795	0.4983	0.354	0.669	0.906	1.063	0.354	0.669	0.906	0.55	50	130	0.55	150	276	0.5	1	constant	1
2	Cotton	24198	0.01	3.2808	1.3	4.26504	0.15	1.1	0.5	0.15	1-May	12-Nov	121	30	50	60	55	1	195	DOY	0.2301	0.43485	0.5889	0.69095	0.2301	0.43485	0.5889	0.354	0.669	0.906	1.063	0.354	0.669	0.906	0.65	50	130	0.65	121	317	0	1	none	1
3	Rice	32587	0.01	3.2808	1	3.2808	1	1.15	0.6	0.4	15-May	12-Oct	135	30	30	60	30	1	150	DOY	0.0708	0.1338	0.1812	0.2126	0.0708	0.1338	0.1812	0.354	0.669	0.906	1.063	0.354	0.669	0.906	0.2	50	130	0.2	135	286	0	1	none	1
4	Sorghum	1399	0	3.2808	1.5	4.9212	0.15	1	0.35	0.15	25-May	27-Sep	145	20	35	40	30	1	125	DOY	0.1947	0.36795	0.4983	0.58465	0.1947	0.36795	0.4983	0.354	0.669	0.906	1.063	0.354	0.669	0.906	0.55	50	130	0.55	145	271	0	1	none	1
5	Soybeans	40678351	9.76	3.2808	0.75	2.4606	0.15	1.1	0.3	0.15	15-Apr	28-Aug	105	20	30	60	25	1	135	DOY	0.177	0.3345	0.453	0.5315	0.177	0.3345	0.453	0.354	0.669	0.906	1.063	0.354	0.669	0.906	0.5	50	130	0.5	105	241	0.5	1	constant	1
10	Peanuts	165	0	3.2808	0.4	1.31232	0.15	1.1	0.5	0.15	15-May	2-Oct	135	35	35	35	35	1	140	DOY	0.177	0.3345	0.453	0.5315	0.177	0.3345	0.453	0.354	0.669	0.906	1.063	0.354	0.669	0.906	0.5	50	130	0.5	135	276	0.5	1	constant	1
11	Tobacco	4853	0	3.2808	2	6.5616	0.5	1.1	0.8	0.4	1-Jun	19-Sep	152	20	30	30	30	1	110	DOY	0.1416	0.2676	0.3624	0.4252	0.1416	0.2676	0.3624	0.354	0.669	0.906	1.063	0.354	0.669	0.906	0.4	50	130	0.4	152	263	0.5	1	constant	1
12	Sweet Corn	18778	0	3.2808	1.5	4.9212	0.15	1.1	1	0.15	30-May	7-Sep	150	30	30	30	10	1	100	DOY	0.177	0.3345	0.453	0.5315	0.177	0.3345	0.453	0.354	0.669	0.906	1.063	0.354	0.669	0.906	0.5	50	130	0.5	150	251	0.5	1	constant	1
13	Pop or Orn Corn	215793	0.05	3.2808	2	6.5616	0.15	1.15	0.5	0.15	30-May	2-Oct	150	20	35	40	30	1	125	DOY	0.1947	0.36795	0.4983	0.58465	0.1947	0.36795	0.4983	0.354	0.669	0.906	1.063	0.354	0.669	0.906	0.55	50	130	0.55	150	276	0.5	1	constant	1
14	Mint	1815	0	3.2808		1	0.15	0.9	0.85	0.15	15-Apr	24-Jun	105	20	20	20	10	1	70	DOY	0.0885	0.16725	0.2265	0.26575	0.0885	0.16725	0.2265	0.354	0.669	0.906	1.063	0.354	0.669	0.906	0.25	50	130	0.25	105	176	0.5	1	constant	1
24	Winter Wheat	70240	0.02	3.2808	1	3.2808	0.3	1.1	0.25	0.25	1-Oct	1-Sep	274	160	75	75	25	1	335	DOY	0.1947	0.36795	0.4983	0.58465	0.1947	0.36795	0.4983	0.354	0.669	0.906	1.063	0.354	0.669	0.906	0.55	50	130	0.55	274	244	0.5	1	constant	1
26	Dbl Crop WinWht/Soybeans	522228	0.13	3.2808	0.75	2.4606	0.225	1.1	0.275	0.225	15-May	27-Sep	135	20	30	60	25	1	135	DOY	0.177	0.3345	0.453	0.5315	0.177	0.3345	0.453	0.354	0.669	0.906	1.063	0.354	0.669	0.906	0.5	50	130	0.5	135	271	0.5	1	constant	1
27	Rye	4224	0	3.2808	0.3	0.98424	0.85	1	0.95	0.4	1-May	3-Sep	121	25	35	35	30	1	125	DOY	0.2124	0.4014	0.5436	0.6378	0.2124	0.4014	0.5436	0.354	0.669	0.906	1.063	0.354	0.669	0.906	0.6	50	130	0.6	121	247	0.5	1	constant	1
28	Oats	589	0	3.2808	1	3.2808	0.15	1.1	0.15	0.15	1-Apr	14-Aug	91	20	25	60	30	1	135	DOY	0.1947	0.36795	0.4983	0.58465	0.1947	0.36795	0.4983	0.354	0.669	0.906	1.063	0.354	0.669	0.906	0.55	50	130	0.55	91	227	0.5	1	constant	1
36	Alfalfa	2946505	0.71	3.2808	0.7	2.29656	0.3	1.15	1.1	0.3	1-Apr	19-Aug	91	30	25	10	75	1	140	DOY	0.1947	0.36795	0.4983	0.58465	0.1947	0.36795	0.4983	0.354	0.669	0.906	1.063	0.354	0.669	0.906	0.55	50	130	0.55	91	232	0.5	1	constant	1
37	Other Hay/Non Alfalfa	1959818	0.47	3.2808	0.7	2.29656	0.5	1	1	0.4	1-Apr	4-Aug	91	25	15	10	75	1	125	DOY	0.1947	0.36795	0.4983	0.58465	0.1947	0.36795	0.4983	0.354	0.669	0.906	1.063	0.354	0.669	0.906	0.55	50	130	0.55	91	217	0.5	1	constant	1
42	Dry Beans	3177	0	3.2808	0.4	1.31232	0.15	1.1	0.25	0.15	1-Jun	19-Sep	152	20	30	40	20	1	110	DOY	0.1593	0.30105	0.4077	0.47835	0.1593	0.30105	0.4077	0.354	0.669	0.906	1.063	0.354	0.669	0.906	0.45	50	130	0.45	152	263	0.5	1	constant	1
43	Potatoes	8597	0	3.2808	0.6	1.96848	0.15	1.1	0.65	0.15	1-Apr	9-Aug	91	25	30	45	30	1	130	DOY	0.1239	0.23415	0.3171	0.37205	0.1239	0.23415	0.3171	0.354	0.669	0.906	1.063	0.354	0.669	0.906	0.35	50	130	0.35	91	222	0.5	1	constant	1
44	Other Crops	16	0	3.2808		1.5	0.294871795	1.042948718	0.647435897	0.294871795	15-Apr	12-Oct	105	20	70	60	30	1	180	DOY	0.177	0.3345	0.453	0.5315	0.177	0.3345	0.453	0.354	0.669	0.906	1.063	0.354	0.669	0.906	0.5	50	130	0.5	105	286	0.5	1	constant	1
47	Misc Vegs & Fruits	5	0	3.2808		1.5	0.294871795	1.042948718	0.647435897	0.294871795	15-Apr	12-Oct	105	20	70	60	30	1	180	DOY	0.177	0.3345	0.453	0.5315	0.177	0.3345	0.453	0.354	0.669	0.906	1.063	0.354	0.669	0.906	0.5	50	130	0.5	105	286	0.5	1	constant	1
48	Watermelons	467	0	3.2808	0.4	1.31232	0.15	0.95	0.7	0.15	25-May	12-Sep	145	20	30	30	30	1	110	DOY	0.1416	0.2676	0.3624	0.4252	0.1416	0.2676	0.3624	0.354	0.669	0.906	1.063	0.354	0.669	0.906	0.4	50	130	0.4	145	256	0.5	1	constant	1
49	Onions	140	0	3.2808	0.4	1.31232	0.15	0.95	0.85	0.15	15-Apr	12-Sep	105	15	25	70	40	1	150	DOY	0.1062	0.2007	0.2718	0.3189	0.1062	0.2007	0.2718	0.354	0.669	0.906	1.063	0.354	0.669	0.906	0.3	50	130	0.3	105	256	0.5	1	constant	1
50	Cucmbers	30074	0.01	3.2808	0.3	0.98424	0.15	0.95	0.8	0.15	25-May	7-Sep	145	20	30	40	15	1	105	DOY	0.177	0.3345	0.453	0.5315	0.177	0.3345	0.453	0.354	0.669	0.906	1.063	0.354	0.669	0.906	0.5	50	130	0.5	145	251	0.5	1	constant	1
53	Peas	47	0	3.2808	0.5	1.6404	0.15	1.1	1.05	0.15	15-Apr	24-Jul	105	20	30	35	15	1	100	DOY	0.1239	0.23415	0.3171	0.37205	0.1239	0.23415	0.3171	0.354	0.669	0.906	1.063	0.354	0.669	0.906	0.35	50	130	0.35	105	206	0.5	1	constant	1
54	Tomatoes	52	0	3.2808	0.6	1.96848	0.15	1.1	0.7	0.15	15-May	7-Oct	135	30	40	45	30	1	145	DOY	0.1416	0.2676	0.3624	0.4252	0.1416	0.2676	0.3624	0.354	0.669	0.906	1.063	0.354	0.669	0.906	0.4	50	130	0.4	135	281	0.5	1	constant	1
56	Hops	3	0	3.2808	5	16.404	0.15	1	0.8	0.15	15-Apr	17-Sep	105	25	40	80	10	1	155	DOY	0.177	0.3345	0.453	0.5315	0.177	0.3345	0.453	0.354	0.669	0.906	1.063	0.354	0.669	0.906	0.5	50	130	0.5	105	261	0.5	1	constant	1
57	Herbs	1122	0	3.2808		1.5	0.15	0.95	0.9	0.15	15-Apr	24-Jun	105	20	20	20	10	1	70	DOY	0.0885	0.16725	0.2265	0.26575	0.0885	0.16725	0.2265	0.354	0.669	0.906	1.063	0.354	0.669	0.906	0.25	50	130	0.25	105	176	0	1	none	1
58	Clover/Wildflowers	1361	0	3.2808	0.6	1.96848	0.3	1.1	1.05	0.3	1-Apr	14-Aug	91	10	15	75	35	1	135	DOY	0.177	0.3345	0.453	0.5315	0.177	0.3345	0.453	0.354	0.669	0.906	1.063	0.354	0.669	0.906	0.5	50	130	0.5	91	227	0	1	none	1
59	Sod/grass seed	46677	0.01	3.2808	0.1	0.32808	0.3	1.1	1.05	0.3	1-Apr	14-Aug	91	10	15	75	35	1	135	DOY	0.1593	0.30105	0.4077	0.47835	0.1593	0.30105	0.4077	0.354	0.669	0.906	1.063	0.354	0.669	0.906	0.45	50	130	0.45	91	227	0	1	none	1
60	Switchgrass	1	0	3.2808		6	0.3	1.1	1.05	0.3	1-Apr	15-Jun	91	25	25	15	10	1	75	DOY	0.1947	0.36795	0.4983	0.58465	0.1947	0.36795	0.4983	0.354	0.669	0.906	1.063	0.354	0.669	0.906	0.55	50	130	0.55	91	167	0	1	none	1
61	Fallow/Idle Cropland	29718	0.01	3.2808		0.5	1	0.8	0.15	0.15	1-Apr	28-Oct	91	20	70	90	30	1	210	DOY	0.177	0.3345	0.453	0.5315	0.177	0.3345	0.453	0.354	0.669	0.906	1.063	0.354	0.669	0.906	0.5	50	130	0.5	91	302	0	1	none	1
66	Cherries	45161	0.01	3.2808	4	13.1232	0.75	1.15	0.8	0.4	1-Apr	28-Oct	91	20	70	90	30	1	210	DOY	0.177	0.3345	0.453	0.5315	0.177	0.3345	0.453	0.354	0.669	0.906	1.063	0.354	0.669	0.906	0.5	50	130	0.5	91	302	0	1	none	1
67	Peaches	2065	0	3.2808	3	9.8424	0.75	1.1	0.8	0.4	1-Apr	28-Oct	91	20	70	90	30	1	210	DOY	0.177	0.3345	0.453	0.5315	0.177	0.3345	0.453	0.354	0.669	0.906	1.063	0.354	0.669	0.906	0.5	50	130	0.5	91	302	0	1	none	1
68	Apples	184700	0.04	3.2808	4	13.1232	0.75	1.15	0.8	0.4	1-Apr	28-Oct	91	20	70	90	30	1	210	DOY	0.177	0.3345	0.453	0.5315	0.177	0.3345	0.453	0.354	0.669	0.906	1.063	0.354	0.669	0.906	0.5	50	130	0.5	91	302	0	1	none	1
69	Grapes	91069	0.02	3.2808	2	6.5616	0.15	0.65	0.4	0.15	1-Apr	28-Sep	91	20	50	90	20	1	180	DOY	0.1239	0.23415	0.3171	0.37205	0.1239	0.23415	0.3171	0.354	0.669	0.906	1.063	0.354	0.669	0.906	0.35	50	130	0.35	91	272	0.5	1	constant	1
70	Christmas Trees	162	0	3.2808	4	13.1232	0.95	0.95	0.95	0.4	15-Mar	11-Oct	74	20	70	90	30	1	210	DOY	0.2478	0.4683	0.6342	0.7441	0.2478	0.4683	0.6342	0.354	0.669	0.906	1.063	0.354	0.669	0.906	0.7	50	130	0.7	74	285	0	1	none	1
71	Other Tree Crops	9	0	3.2808	8	26.2464	0.95	0.95	0.95	0.4	15-Mar	11-Oct	74	20	70	90	30	1	210	DOY	0.177	0.3345	0.453	0.5315	0.177	0.3345	0.453	0.354	0.669	0.906	1.063	0.354	0.669	0.906	0.5	50	130	0.5	74	285	0	1	none	1
74	Pecans	241	0	3.2808	30	98.424	0.4	1.05	0.6	0.4	1-Apr	8-Oct	91	20	10	130	30	1	190	DOY	0.177	0.3345	0.453	0.5315	0.177	0.3345	0.453	0.354	0.669	0.906	1.063	0.354	0.669	0.906	0.5	50	130	0.5	91	282	0	1	none	1
76	Walnuts	9579	0	3.2808	4.5	14.7636	0.4	1.05	0.6	0.4	1-Apr	8-Oct	91	20	10	130	30	1	190	DOY	0.177	0.3345	0.453	0.5315	0.177	0.3345	0.453	0.354	0.669	0.906	1.063	0.354	0.669	0.906	0.5	50	130	0.5	91	282	0	1	none	1
77	Pears	567	0	3.2808	4	13.1232	0.75	1.15	0.8	0.4	1-Apr	28-Oct	91	20	70	90	30	1	210	DOY	0.177	0.3345	0.453	0.5315	0.177	0.3345	0.453	0.354	0.669	0.906	1.063	0.354	0.669	0.906	0.5	50	130	0.5	91	302	0	1	none	1
92	Aquaculture	2	0	3.2808	1	1	0.15	1	0.5	0.15	1-Apr	28-Oct	91	20	70	90	30	1	210	DOY	0.354	0.669	0.906	1.063	0.354	0.669	0.906	0.354	0.669	0.906	1.063	0.354	0.669	0.906	1	50	130	1	91	302	0.5	1	constant	1
111	Open Water	7325880	1.76	3.2808	1	1	1	1	1	1	1-Apr	28-Oct	91	20	70	90	30	1	210	DOY	0.354	0.669	0.906	1.063	0.354	0.669	0.906	0.354	0.669	0.906	1.063	0.354	0.669	0.906	1	50	130	1	91	302	0	1	none	1
121	Developed/Open Space	19574142	4.7	3.2808	5	0.3	1	0.8	0.15	0.15	1-Apr	28-Oct	91	20	70	90	30	1	210	DOY	0.1593	0.30105	0.4077	0.47835	0.1593	0.30105	0.4077	0.354	0.669	0.906	1.063	0.354	0.669	0.906	0.45	50	130	0.45	91	302	0	1	none	1
122	Developed/Low Intensity	14636403	3.51	3.2808	5	0.3	1	0.8	0.15	0.15	1-Apr	28-Oct	91	20	70	90	30	1	210	DOY	0.177	0.3345	0.453	0.5315	0.177	0.3345	0.453	0.354	0.669	0.906	1.063	0.354	0.669	0.906	0.5	50	130	0.5	91	302	0	1	none	1
123	Developed/Med Intensity	5354304	1.28	3.2808	5	0.3	1	0.8	0.15	0.15	1-Apr	28-Oct	91	20	70	90	30	1	210	DOY	0.177	0.3345	0.453	0.5315	0.177	0.3345	0.453	0.354	0.669	0.906	1.063	0.354	0.669	0.906	0.5	50	130	0.5	91	302	0	1	none	1
124	Developed/High Intensity	2187483	0.52	3.2808	5	0.3	1	0.8	0.15	0.15	1-Apr	28-Oct	91	20	70	90	30	1	210	DOY	0.177	0.3345	0.453	0.5315	0.177	0.3345	0.453	0.354	0.669	0.906	1.063	0.354	0.669	0.906	0.5	50	130	0.5	91	302	0	1	none	1
131	Barren	438571	0.11	3.2808	1	0.3	1	0.8	0.15	0.15	1-Apr	28-Oct	91	20	70	90	30	1	210	DOY	0.177	0.3345	0.453	0.5315	0.177	0.3345	0.453	0.354	0.669	0.906	1.063	0.354	0.669	0.906	0.5	50	130	0.5	91	302	0	1	none	1
141	Deciduous Forest	99461237	23.86	3.2808	9	29.5272	0.11	0.598	0.12	0.11	1-Apr	28-Oct	91	20	70	90	30	1	210	DOY	0.177	0.3345	0.453	0.5315	0.177	0.3345	0.453	0.354	0.669	0.906	1.063	0.354	0.669	0.906	0.5	50	130	0.5	91	302	0	1	none	1
142	Evergreen Forest	1469550	0.35	3.2808	10	32.808	0.0817	0.387	0.08	0.08	1-Apr	28-Oct	91	20	70	90	30	1	210	DOY	0.2478	0.4683	0.6342	0.7441	0.2478	0.4683	0.6342	0.354	0.669	0.906	1.063	0.354	0.669	0.906	0.7	50	130	0.7	91	302	0	1	none	1
143	Mixed Forest	150285	0.04	3.2808		31.1676	0.09585	0.4925	0.1	0.09585	1-Apr	28-Oct	91	20	70	90	30	1	210	DOY	0.2124	0.4014	0.5436	0.6378	0.2124	0.4014	0.5436	0.354	0.669	0.906	1.063	0.354	0.669	0.906	0.6	50	130	0.6	91	302	0	1	none	1
152	Shrubland	10449	0	3.2808		3.5	0.15	0.89	0.65	0.15	1-Apr	30-Jun	91	10	20	40	20	1	90	DOY	0.177	0.3345	0.453	0.5315	0.177	0.3345	0.453	0.354	0.669	0.906	1.063	0.354	0.669	0.906	0.5	50	130	0.5	91	182	0	1	none	1
176	Grassland/Pasture	48436527	11.62	3.2808	0.2	0.65616	0.35	0.85	0.75	0.35	1-Apr	30-Jun	91	10	20	40	20	1	90	DOY	0.2124	0.4014	0.5436	0.6378	0.2124	0.4014	0.5436	0.354	0.669	0.906	1.063	0.354	0.669	0.906	0.6	50	130	0.6	91	182	0	1	none	1
190	Woody Wetlands	6386409	1.53	3.2808	1.5	4.9212	0.3	1.2	0.3	0.3	1-May	18-Sep	121	10	30	80	20	1	140	DOY	0.177	0.3345	0.453	0.5315	0.177	0.3345	0.453	0.354	0.669	0.906	1.063	0.354	0.669	0.906	0.5	50	130	0.5	121	262	0	1	none	1
195	Herbaceous Wetlands	1787506	0.43	3.2808	1.5	4.9212	0.3	1.2	0.3	0.3	1-May	18-Sep	121	10	30	80	20	1	140	DOY	0.177	0.3345	0.453	0.5315	0.177	0.3345	0.453	0.354	0.669	0.906	1.063	0.354	0.669	0.906	0.5	50	130	0.5	121	262	0	1	none	1
207	Asparagus	49	0	3.2808	0.5	1.6404	0.15	0.9	0.2	0.15	1-Apr	17-Nov	91	50	30	100	50	1	230	DOY	0.1593	0.30105	0.4077	0.47835	0.1593	0.30105	0.4077	0.354	0.669	0.906	1.063	0.354	0.669	0.906	0.45	50	130	0.45	91	322	0.5	1	constant	1
209	Cantaloupes	491	0	3.2808	0.4	1.31232	0.15	1	0.7	0.15	25-May	22-Sep	145	25	35	40	20	1	120	DOY	0.1416	0.2676	0.3624	0.4252	0.1416	0.2676	0.3624	0.354	0.669	0.906	1.063	0.354	0.669	0.906	0.4	50	130	0.4	145	266	0.5	1	constant	1
216	Peppers	368	0	3.2808	0.7	2.29656	0.15	1	0.8	0.15	15-Jun	13-Oct	166	25	35	40	20	1	120	DOY	0.1062	0.2007	0.2718	0.3189	0.1062	0.2007	0.2718	0.354	0.669	0.906	1.063	0.354	0.669	0.906	0.3	50	130	0.3	166	287	0.5	1	constant	1
219	Greens	186	0	3.2808		1	0.15	0.9	0.9	0.15	15-Apr	24-Jun	105	20	20	20	10	1	70	DOY	0.1062	0.2007	0.2718	0.3189	0.1062	0.2007	0.2718	0.354	0.669	0.906	1.063	0.354	0.669	0.906	0.3	50	130	0.3	105	176	0.5	1	constant	1
220	Plums	39	0	3.2808	3	9.8424	0.75	1.1	0.8	0.4	1-Apr	28-Oct	91	20	70	90	30	1	210	DOY	0.177	0.3345	0.453	0.5315	0.177	0.3345	0.453	0.354	0.669	0.906	1.063	0.354	0.669	0.906	0.5	50	130	0.5	91	302	0.5	1	constant	1
222	Squash	1843	0	3.2808	0.3	0.98424	0.15	0.9	0.7	0.15	25-May	23-Aug	145	20	30	25	15	1	90	DOY	0.177	0.3345	0.453	0.5315	0.177	0.3345	0.453	0.354	0.669	0.906	1.063	0.354	0.669	0.906	0.5	50	130	0.5	145	236	0.5	1	constant	1
225	Dbl Crop WinWht/Corn	1512	0	3.2808		5	0.225	1.125	0.375	0.225	30-May	2-Oct	150	20	35	40	30	1	125	DOY	0.1947	0.36795	0.4983	0.58465	0.1947	0.36795	0.4983	0.354	0.669	0.906	1.063	0.354	0.669	0.906	0.55	50	130	0.55	150	276	0.5	1	constant	1
229	Pumpkins	197	0	3.2808	0.4	1.31232	0.15	0.95	0.7	0.15	15-Jun	13-Oct	166	25	35	35	25	1	120	DOY	0.1239	0.23415	0.3171	0.37205	0.1239	0.23415	0.3171	0.354	0.669	0.906	1.063	0.354	0.669	0.906	0.35	50	130	0.35	166	287	0.5	1	constant	1
242	Blueberries	97747	0.02	3.2808		4	0.2	1	0.4	0.2	15-Apr	29-Jul	105	20	20	60	5	1	105	DOY	0.177	0.3345	0.453	0.5315	0.177	0.3345	0.453	0.354	0.669	0.906	1.063	0.354	0.669	0.906	0.5	50	130	0.5	105	211	0.5	1	constant	1
243	Cabbage	4061	0	3.2808	0.4	1.31232	0.15	0.95	0.85	0.15	1-May	13-Oct	121	40	60	50	15	1	165	DOY	0.1593	0.30105	0.4077	0.47835	0.1593	0.30105	0.4077	0.354	0.669	0.906	1.063	0.354	0.669	0.906	0.45	50	130	0.45	121	287	0.5	1	constant	1
245	Celery	454	0	3.2808	0.6	1.96848	0.15	0.95	0.9	0.15	1-May	3-Sep	121	25	40	45	15	1	125	DOY	0.0708	0.1338	0.1812	0.2126	0.0708	0.1338	0.1812	0.354	0.669	0.906	1.063	0.354	0.669	0.906	0.2	50	130	0.2	121	247	0.5	1	constant	1
247	Turnips	1	0	3.2808	0.6	1.96848	0.15	1	0.85	0.15	15-May	13-Aug	135	25	30	25	10	1	90	DOY	0.177	0.3345	0.453	0.5315	0.177	0.3345	0.453	0.354	0.669	0.906	1.063	0.354	0.669	0.906	0.5	50	130	0.5	135	226	0.5	1	constant	1
