	lu_code	description	lu_group	note	cn_1	cn_2	cn_3	cn_4	cn_5	cn_6	cn_7	max_net_infil_1	max_net_infil_2	max_net_infil_3	max_net_infil_4	max_net_infil_5	max_net_infil_6	max_net_infil_7	growing_season_interception_a	growing_season_interception_b	growing_season_interception_n	nongrowing_season_interception_a	nongrowing_season_interception_b	nongrowing_season_interception_n	rz_1	rz_2	rz_3	rz_4	rz_5	rz_6	rz_7
0	1	Corn	corn	straight row w crop residue; avg of poor and good	55.0	75.0	80.0	88.0	55.0	75.0	80.0	3.75	2	0.513	0.222	3	0.95	0.21	0.08	0	1	0.0	0	1	2.75	2.45	2.3	1.75	2.75	2.45	2.3
1	2	Cotton	cott	straight row w crop residue; good	52.0	70.0	75.0	84.0	52.0	70.0	75.0	3.75	2	0.513	0.222	3	0.95	0.21	0.08	0	1	0.0	0	1	2.75	2.45	2.3	1.75	2.75	2.45	2.3
2	3	Rice	rice	AMC II	70.0	80.0	86.0	90.0	70.0	80.0	86.0	3.75	2	0.513	0.222	3	0.95	0.21	0.08	0	1	0.0	0	1	2.75	2.45	1.45	1.25	2.75	1.45	1.25
3	4	Sorghum	sorg	assume same as corn	55.0	75.0	80.0	88.0	55.0	75.0	80.0	3.75	2	0.513	0.222	3	0.95	0.21	0.08	0	1	0.0	0	1	2.75	2.45	2.3	1.75	2.75	2.45	2.3
4	5	Soybeans	soybn	small grains, good, SR	54.0	76.0	81.0	85.0	54.0	76.0	81.0	3.75	2	0.513	0.222	3	0.95	0.21	0.08	0	1	0.0	0	1	2.75	2.45	2.3	1.75	2.75	2.45	2.3
5	6	Sunflower	sunf	row crops, SR, avg	55.0	75.0	80.0	88.0	55.0	75.0	80.0	3.75	2	0.513	0.222	3	0.95	0.21	0.08	0	1	0.0	0	1	2.75	2.45	2.3	1.75	2.75	2.45	2.3
6	10	Peanuts	clseed	close-seeded, avg, SR	54.0	76.0	81.0	85.0	54.0	76.0	81.0	3.75	2	0.513	0.222	3	0.95	0.21	0.08	0	1	0.0	0	1	2.75	2.45	2.3	1.75	2.75	2.45	2.3
7	11	Tobacco	tobac	row crops, SR, avg	54.0	75.0	80.0	90.16	81.34	87.67	90.16	3.75	2	0.513	0.222	3	0.95	0.21	0.08	0	1	0.0	0	1	2.75	2.45	2.3	1.75	2.75	2.45	2.3
8	12	Sweet Corn	corn	assume same as corn	55.0	75.0	80.0	88.0	55.0	75.0	80.0	3.75	2	0.513	0.222	3	0.95	0.21	0.08	0	1	0.0	0	1	2.75	2.45	2.3	1.75	2.75	2.45	2.3
9	13	Pop or Orn Corn	corn	assume same as corn	55.0	75.0	80.0	88.0	55.0	75.0	80.0	3.75	2	0.513	0.222	3	0.95	0.21	0.08	0	1	0.0	0	1	2.75	2.45	2.3	1.75	2.75	2.45	2.3
10	14	Mint	clseed	close-seeded, SR, avg	54.0	75.0	80.0	87.8645	76.987	84.7937	87.8645	3.75	2	0.513	0.222	3	0.95	0.21	0.08	0	1	0.0	0	1	2.75	2.45	2.3	1.75	2.75	2.45	2.3
11	21	Barley	smgrn	small grain, SR, avg	54.0	76.0	81.0	85.2957	72.1156	81.5748	85.2957	3.75	2	0.513	0.222	3	0.95	0.21	0.08	0	1	0.0	0	1	2.75	2.45	2.3	1.75	2.75	2.45	2.3
12	22	Durham Wheat	smgrn	small grain, SR, avg	54.0	76.0	81.0	85.2957	72.1156	81.5748	85.2957	3.75	2	0.513	0.222	3	0.95	0.21	0.08	0	1	0.0	0	1	2.75	2.45	2.3	1.75	2.75	2.45	2.3
13	23	Spring Wheat	smgrn	small grain, SR, avg	54.0	76.0	81.0	85.2957	72.1156	81.5748	85.2957	3.75	2	0.513	0.222	3	0.95	0.21	0.08	0	1	0.0	0	1	2.75	2.45	2.3	1.75	2.75	2.45	2.3
14	24	Winter Wheat	smgrn	small grain, SR, avg	54.0	76.0	81.0	85.0	54.0	76.0	81.0	3.75	2	0.513	0.222	3	0.95	0.21	0.08	0	1	0.0	0	1	2.75	2.45	2.3	1.75	2.75	2.45	2.3
15	25	Other Small Grains	smgrn	small grain, SR, avg	54.0	76.0	81.0	85.2957	72.1156	81.5748	85.2957	3.75	2	0.513	0.222	3	0.95	0.21	0.08	0	1	0.0	0	1	2.75	2.45	2.3	1.75	2.75	2.45	2.3
16	26	Dbl Crop WinWht/Soybeans	smgrn	small grain, SR, avg	54.0	76.0	81.0	85.0	54.0	76.0	81.0	3.75	2	0.513	0.222	3	0.95	0.21	0.08	0	1	0.0	0	1	2.75	2.45	2.3	1.75	2.75	2.45	2.3
17	27	Rye	smgrn	small grain, SR, avg	54.0	76.0	81.0	85.0	54.0	76.0	81.0	3.75	2	0.513	0.222	3	0.95	0.21	0.08	0	1	0.0	0	1	2.75	2.45	2.3	1.75	2.75	2.45	2.3
18	28	Oats	smgrn	small grain, SR, avg	54.0	76.0	81.0	85.2957	72.1156	81.5748	85.2957	3.75	2	0.513	0.222	3	0.95	0.21	0.08	0	1	0.0	0	1	2.75	2.45	2.3	1.75	2.75	2.45	2.3
19	29	Millet	smgrn	small grain, SR, avg	54.0	76.0	81.0	85.2957	72.1156	81.5748	85.2957	3.75	2	0.513	0.222	3	0.95	0.21	0.08	0	1	0.0	0	1	2.75	2.45	2.3	1.75	2.75	2.45	2.3
20	30	Speltz	smgrn	small grain, SR, avg	54.0	76.0	81.0	85.2957	72.1156	81.5748	85.2957	3.75	2	0.513	0.222	3	0.95	0.21	0.08	0	1	0.0	0	1	2.75	2.45	2.3	1.75	2.75	2.45	2.3
21	31	Canola	smgrn	small grain, SR, avg	54.0	76.0	81.0	85.2957	72.1156	81.5748	85.2957	3.75	2	0.513	0.222	3	0.95	0.21	0.08	0	1	0.0	0	1	2.75	2.45	2.3	1.75	2.75	2.45	2.3
22	32	Flaxseed	smgrn	small grain, SR, avg	54.0	76.0	81.0	85.2957	72.1156	81.5748	85.2957	3.75	2	0.513	0.222	3	0.95	0.21	0.08	0	1	0.0	0	1	2.75	2.45	2.3	1.75	2.75	2.45	2.3
23	33	Safflower	smgrn	small grain, SR, avg	54.0	76.0	81.0	85.2957	72.1156	81.5748	85.2957	3.75	2	0.513	0.222	3	0.95	0.21	0.08	0	1	0.0	0	1	2.75	2.45	2.3	1.75	2.75	2.45	2.3
24	34	Rape Seed	smgrn	small grain, SR, avg	54.0	76.0	81.0	85.2957	72.1156	81.5748	85.2957	3.75	2	0.513	0.222	3	0.95	0.21	0.08	0	1	0.0	0	1	2.75	2.45	2.3	1.75	2.75	2.45	2.3
25	35	Mustard	smgrn	small grain, SR, avg	54.0	76.0	81.0	85.2957	72.1156	81.5748	85.2957	3.75	2	0.513	0.222	3	0.95	0.21	0.08	0	1	0.0	0	1	2.75	2.45	2.3	1.75	2.75	2.45	2.3
26	36	Alfalfa	alfalf	close-seeded, SR, avg	54.0	75.0	84.674	87.769	76.8059	84.674	87.769	3.75	2	0.513	0.222	3	0.95	0.21	0.08	0	1	0.0	0	1	2.75	2.45	2.3	1.75	2.75	2.45	2.3
27	37	Other Hay/Non Alfalfa	hayoth	continuous grass, protected from grazing	53.0	77.0	82.0	86.0	53.0	77.0	82.0	3.75	2	0.513	0.222	3	0.95	0.21	0.08	0	1	0.0	0	1	3.66	3.27	3.07	2.33	3.66	3.27	3.07
28	38	Camelina	smgrn	0	54.0	76.0	81.0	85.0	54.0	76.0	81.0	3.75	2	0.513	0.222	3	0.95	0.21	0.08	0	1	0.0	0	1	2.75	2.45	2.3	1.75	2.75	2.45	2.3
29	39	Buckwheat	smgrn	small grain, SR, avg	54.0	76.0	81.0	85.0	54.0	76.0	81.0	3.75	2	0.513	0.222	3	0.95	0.21	0.08	0	1	0.0	0	1	2.75	2.45	2.3	1.75	2.75	2.45	2.3
30	41	Sugarbeets	rootvg	0	54.0	76.0	81.0	85.0	54.0	76.0	81.0	3.75	2	0.513	0.222	3	0.95	0.21	0.08	0	1	0.0	0	1	2.75	2.45	2.3	1.75	2.75	2.45	2.3
31	42	Snap beans	smveg	0	54.0	76.0	81.0	85.0	54.0	76.0	81.0	3.75	2	0.513	0.222	3	0.95	0.21	0.08	0	1	0.0	0	1	2.75	2.45	2.3	1.75	2.75	2.45	2.3
32	43	Potatoes	rootvg	0	54.0	76.0	81.0	85.0	54.0	76.0	81.0	3.75	2	0.513	0.222	3	0.95	0.21	0.08	0	1	0.0	0	1	2.75	2.45	2.3	1.75	2.75	2.45	2.3
33	44	Other Crops	smveg	0	54.0	76.0	81.0	85.0	54.0	76.0	81.0	3.75	2	0.513	0.222	3	0.95	0.21	0.08	0	1	0.0	0	1	2.75	2.45	2.3	1.75	2.75	2.45	2.3
34	45	Sugarcane	sugcane	0	51.0	74.0	86.0	88.0	51.0	74.0	86.0	3.75	2	0.513	0.222	3	0.95	0.21	0.08	0	1	0.0	0	1	2.75	2.45	2.3	1.75	2.75	2.45	2.3
35	46	Sweet Potatoes	swtpot	0	54.0	76.0	81.0	85.0	54.0	76.0	81.0	3.75	2	0.513	0.222	3	0.95	0.21	0.08	0	1	0.0	0	1	2.75	2.45	2.3	1.75	2.75	2.45	2.3
36	47	Misc Vegs and Fruits	smveg	0	54.0	76.0	81.0	85.0	54.0	76.0	81.0	3.75	2	0.513	0.222	3	0.95	0.21	0.08	0	1	0.0	0	1	2.75	2.45	2.3	1.75	2.75	2.45	2.3
37	48	Watermelons	melon	0	54.0	76.0	81.0	85.0	54.0	76.0	81.0	3.75	2	0.513	0.222	3	0.95	0.21	0.08	0	1	0.0	0	1	2.75	2.45	2.3	1.75	2.75	2.45	2.3
38	49	Onions	smveg	0	54.0	76.0	81.0	85.0	54.0	76.0	81.0	3.75	2	0.513	0.222	3	0.95	0.21	0.08	0	1	0.0	0	1	2.75	2.45	2.3	1.75	2.75	2.45	2.3
39	50	Cucumbers	smveg	0	54.0	76.0	81.0	85.0	54.0	76.0	81.0	3.75	2	0.513	0.222	3	0.95	0.21	0.08	0	1	0.0	0	1	2.75	2.45	2.3	1.75	2.75	2.45	2.3
40	51	Chick Peas	smveg	0	54.0	76.0	81.0	85.0	54.0	76.0	81.0	3.75	2	0.513	0.222	3	0.95	0.21	0.08	0	1	0.0	0	1	2.75	2.45	2.3	1.75	2.75	2.45	2.3
41	52	Lentils	smveg	0	54.0	76.0	81.0	85.0	54.0	76.0	81.0	3.75	2	0.513	0.222	3	0.95	0.21	0.08	0	1	0.0	0	1	2.75	2.45	2.3	1.75	2.75	2.45	2.3
42	53	Peas	smveg	0	54.0	76.0	81.0	85.0	54.0	76.0	81.0	3.75	2	0.513	0.222	3	0.95	0.21	0.08	0	1	0.0	0	1	2.75	2.45	2.3	1.75	2.75	2.45	2.3
43	54	Tomatoes	smveg	0	54.0	76.0	81.0	85.0	54.0	76.0	81.0	3.75	2	0.513	0.222	3	0.95	0.21	0.08	0	1	0.0	0	1	2.75	2.45	2.3	1.75	2.75	2.45	2.3
44	55	Caneberries	smveg	0	54.0	76.0	81.0	85.0	54.0	76.0	81.0	3.75	2	0.513	0.222	3	0.95	0.21	0.08	0	1	0.0	0	1	2.75	2.45	2.3	1.75	2.75	2.45	2.3
45	56	Hops	smveg	0	54.0	76.0	81.0	85.0	54.0	76.0	81.0	3.75	2	0.513	0.222	3	0.95	0.21	0.08	0	1	0.0	0	1	2.75	2.45	2.3	1.75	2.75	2.45	2.3
46	57	Herbs	smveg	0	54.0	76.0	81.0	85.0	54.0	76.0	81.0	3.75	2	0.513	0.222	3	0.95	0.21	0.08	0	1	0.0	0	1	2.75	2.45	2.3	1.75	2.75	2.45	2.3
47	58	Clover/Wildflowers	clover	continuous grass, protected from grazing	53.0	77.0	82.0	86.0	54.0	76.0	81.0	3.75	2	0.513	0.222	3	0.95	0.21	0.08	0	1	0.0	0	1	2.75	2.45	2.3	1.75	2.75	2.45	2.3
48	59	Sod/Grass Seed	sod	continuous grass, protected from grazing	53.0	77.0	82.0	86.0	53.0	77.0	82.0	3.75	2	0.513	0.222	3	0.95	0.21	0.08	0	1	0.03	0	1	3.66	3.27	3.07	2.33	3.66	3.27	3.07
49	60	Switchgrass	swtchgr	continuous grass, protected from grazing	53.0	77.0	82.0	86.0	68.9	79.45	83.6	3.75	2	0.513	0.222	3	0.95	0.21	0.08	0	1	0.0	0	1	2.75	2.45	2.3	1.75	2.75	2.45	2.3
50	61	Fallow / Idle	fallow	0	53.0	77.0	82.0	86.0	53.0	77.0	82.0	3.75	2	0.513	0.222	3	0.95	0.21	0.08	0	1	0.0	0	1	2.75	2.45	2.3	1.75	2.75	2.45	2.3
51	66	Cherries	frttr	woods-grass combination, poor	50.0	75.0	85.0	87.0	45.0	75.0	85.0	3.75	2	0.513	0.222	3	0.95	0.21	0.12	0	1	0.025	0	1	4.0985	3.7085	3.2485	3.0185	4.0985	3.7085	3.2485
52	67	Peaches	frttr	woods-grass combination, poor	50.0	75.0	85.0	87.0	45.0	75.0	85.0	3.75	2	0.513	0.222	3	0.95	0.21	0.12	0	1	0.025	0	1	4.0985	3.7085	3.2485	3.0185	4.0985	3.7085	3.2485
53	68	Apples	frttr	woods-grass combination, poor	50.0	75.0	85.0	87.0	45.0	75.0	85.0	3.75	2	0.513	0.222	3	0.95	0.21	0.12	0	1	0.025	0	1	4.0985	3.7085	3.2485	3.0185	4.0985	3.7085	3.2485
54	69	Grapes	frttr	woods-grass combination, poor	50.0	75.0	85.0	87.0	45.0	75.0	85.0	3.75	2	0.513	0.222	3	0.95	0.21	0.12	0	1	0.025	0	1	4.0985	3.7085	3.2485	3.0185	4.0985	3.7085	3.2485
55	70	Christmas Trees	xmastr	woods-grass combination, fair	50.0	75.0	85.0	87.0	45.0	75.0	85.0	3.75	2	0.513	0.222	3	0.95	0.21	0.12	0	1	0.025	0	1	4.0985	3.7085	3.2485	3.0185	4.0985	3.7085	3.2485
56	71	Other Tree Crops	frttr	woods-grass combination, poor	50.0	75.0	85.0	87.0	45.0	75.0	85.0	3.75	2	0.513	0.222	3	0.95	0.21	0.12	0	1	0.025	0	1	4.0985	3.7085	3.2485	3.0185	4.0985	3.7085	3.2485
57	72	Citrus	frttr	woods-grass combination, poor	50.0	75.0	85.0	87.0	45.0	75.0	85.0	3.75	2	0.513	0.222	3	0.95	0.21	0.12	0	1	0.025	0	1	4.0985	3.7085	3.2485	3.0185	4.0985	3.7085	3.2485
58	74	Pecans	frttr	woods-grass combination, poor	50.0	75.0	85.0	87.0	45.0	75.0	85.0	3.75	2	0.513	0.222	3	0.95	0.21	0.12	0	1	0.025	0	1	4.0985	3.7085	3.2485	3.0185	4.0985	3.7085	3.2485
59	75	Almonds	frttr	woods-grass combination, poor	50.0	75.0	85.0	87.0	45.0	75.0	85.0	3.75	2	0.513	0.222	3	0.95	0.21	0.12	0	1	0.025	0	1	4.0985	3.7085	3.2485	3.0185	4.0985	3.7085	3.2485
60	76	Walnuts	frttr	woods-grass combination, poor	50.0	75.0	85.0	87.0	45.0	75.0	85.0	3.75	2	0.513	0.222	3	0.95	0.21	0.12	0	1	0.025	0	1	4.0985	3.7085	3.2485	3.0185	4.0985	3.7085	3.2485
61	77	Pears	frttr	woods-grass combination, poor	50.0	75.0	85.0	87.0	45.0	75.0	85.0	3.75	2	0.513	0.222	3	0.95	0.21	0.12	0	1	0.025	0	1	4.0985	3.7085	3.2485	3.0185	4.0985	3.7085	3.2485
62	87	Wetland	0	0	41.0	55.0	81.0	82.0	41.0	55.0	81.0	3.75	2	0.513	0.222	3	0.95	0.21	0.08	0	1	0.0	0	1	2.099	1.67	1.0	1.0	2.0990814	1.0	1.0
63	92	Aquaculture	aqua	0	92.0	95.024	96.712	97.376	95.024	96.712	97.376	3.75	2	0.513	0.222	3	0.95	0.21	0.0	0	1	0.0	0	1	0.0	0.0	0.0	0.0	0.0	0.0	0.0
64	111	OPEN WATER	openwat	0	99.0	99.0	99.0	99.0	99.0	99.0	99.0	0.0	0	0.0	0.0	0	0.0	0.0	0.0	0	1	0.0	0	1	0.0	0.0	0.0	0.0	0.0	0.0	0.0
65	121	Developed, Open Space	devopen	open space, fair	45.0	75.0	85.0	87.0	45.0	75.0	85.0	3.75	2	0.513	0.222	3	0.95	0.21	0.12	0	1	0.025	0	1	2.980315	1.75	1.75	1.75	2.980315	1.75	1.75
66	122	Developed, Low Intensity	devlow	developed, residential, 1/8 acre or less	45.0	75.0	85.0	87.0	45.0	75.0	85.0	3.75	2	0.513	0.222	3	0.95	0.21	0.12	0	1	0.025	0	1	2.980315	1.75	1.75	1.75	2.980315	1.75	1.75
67	123	Developed, Medium Intensity	devmed	developed, industrial	65.0	80.0	87.0	91.0	65.0	80.0	87.0	3.75	2	0.513	0.222	3	0.95	0.21	0.12	0	1	0.025	0	1	2.440315	1.21	1.21	1.21	2.440315	1.21	1.21
68	124	Developed, High Intensity	devhi	developed, commercial	65.0	80.0	87.0	91.0	65.0	80.0	87.0	3.75	2	0.513	0.222	3	0.95	0.21	0.12	0	1	0.025	0	1	2.440315	1.21	1.21	1.21	2.440315	1.21	1.21
69	131	Barren Land	barren	0	70.0	80.0	88.0	91.0	70.0	80.0	88.0	3.75	2	0.513	0.222	3	0.95	0.21	0.0	0	1	0.0	0	1	0.5	0.5	0.5	0.5	0.5	0.5	0.5
70	141	Deciduous Forest	decfrst	woods, poor; CNs for forested LU tend to be too low	35.0	65.0	72.0	80.0	35.0	65.0	72.0	3.75	2	0.513	0.222	3	0.95	0.21	0.12	0	1	0.025	0	1	4.0985	4.25	4.25	4.25	4.0985	4.25	4.25
71	142	Evergreen Forest	evfrst	woods, poor; CNs for forested LU tend to be too low	36.0	66.0	73.0	81.0	36.0	66.0	73.0	3.75	2	0.513	0.222	3	0.95	0.21	0.2	0	1	0.1	0	1	4.0985	4.25	4.25	4.25	4.0985	4.25	4.25
72	143	Mixed Forest	mixfrst	woods, poor; CNs for forested LU tend to be too low	37.0	67.0	74.0	82.0	37.0	67.0	74.0	3.75	2	0.513	0.222	3	0.95	0.21	0.12	0	1	0.025	0	1	2.4257	2.4257	1.4857	1.2357	2.4257	1.9757	1.4857
73	151	Dwarf Scrub	dwscrub	brush, poor	50.0	60.0	78.0	89.0	50.0	60.0	78.0	3.75	2	0.513	0.222	3	0.95	0.21	0.08	0	1	0.025	0	1	2.440315	1.21	1.21	1.21	2.440315	1.21	1.21
74	152	Shrub/Scrub	shrub	brush, poor	50.0	60.0	78.0	89.0	50.0	60.0	78.0	3.75	2	0.513	0.222	3	0.95	0.21	0.08	0	1	0.025	0	1	2.440315	1.21	1.21	1.21	2.440315	1.21	1.21
75	171	Grassland/Herbaceous (arid)	grsherb	grassland, poor	53.0	77.0	82.0	86.0	53.0	77.0	82.0	3.75	2	0.513	0.222	3	0.95	0.21	0.08	0	1	0.03	0	1	3.66	3.27	3.07	2.33	3.66	3.27	3.07
76	176	Grass/Pasture	pasture	grassland, fair	53.0	77.0	82.0	86.0	53.0	77.0	82.0	3.75	2	0.513	0.222	3	0.95	0.21	0.08	0	1	0.03	0	1	3.66	3.27	3.07	2.33	3.66	3.27	3.07
77	181	Pasture/Hay (fair)	hay	0	53.0	77.0	82.0	86.0	53.0	77.0	82.0	3.75	2	0.513	0.222	3	0.95	0.21	0.08	0	1	0.03	0	1	3.66	3.27	3.07	2.33	3.66	3.27	3.07
78	182	Cultivated Crops (SR+CR poor)	gencrop	0	54.0	77.608	85.204	88.192	54.0	77.608	85.204	3.75	2	0.513	0.222	3	0.95	0.21	0.08	0	1	0.0	0	1	3.66	3.27	3.07	2.33	3.66	3.27	3.07
79	190	Woody Wetlands	wdwetl	0	49.0	61.0	70.0	75.0	49.0	61.0	70.0	3.75	2	0.513	0.222	3	0.95	0.21	0.12	0	1	0.025	0	1	4.25	4.25	4.25	4.25	4.25	4.25	4.25
80	195	Emergent Herbaceous Wetlands	hbwetl	0	41.0	55.0	81.0	82.0	41.0	55.0	81.0	3.75	2	0.513	0.222	3	0.95	0.21	0.08	0	1	0.0	0	1	2.099	1.67	1.0	1.0	2.0990814	1.0	1.0
81	204	Pistachios	frttr	0	50.0	75.0445	83.5101	86.8402	50.0	75.0445	83.5101	3.75	2	0.513	0.222	3	0.95	0.21	0.08	0	1	0.0	0	1	4.0985	3.7085	3.2485	3.0185	4.0985	3.7085	3.2485
82	205	Triticale	smgrn	0	50.0	72.0	83.0	85.2957	50.0	72.0	83.0	3.75	2	0.513	0.222	3	0.95	0.21	0.08	0	1	0.0	0	1	2.75	2.45	2.3	1.75	2.75	2.45	2.3
83	206	Carrots	rootvg	0	50.0	72.0	83.0	89.176	50.0	72.0	83.0	3.75	2	0.513	0.222	3	0.95	0.21	0.08	0	1	0.0	0	1	2.75	2.45	2.3	1.75	2.75	2.45	2.3
84	207	Asparagus	smveg	0	50.0	72.0	83.0	88.9774	50.0	72.0	83.0	3.75	2	0.513	0.222	3	0.95	0.21	0.08	0	1	0.0	0	1	2.75	2.45	2.3	1.75	2.75	2.45	2.3
85	208	Garlic	smveg	0	50.0	72.0	83.0	88.9774	50.0	72.0	83.0	3.75	2	0.513	0.222	3	0.95	0.21	0.08	0	1	0.0	0	1	2.75	2.45	2.3	1.75	2.75	2.45	2.3
86	209	Cantaloupes	melon	0	50.0	72.0	83.0	89.012	50.0	72.0	83.0	3.75	2	0.513	0.222	3	0.95	0.21	0.08	0	1	0.0	0	1	2.75	2.45	2.3	1.75	2.75	2.45	2.3
87	210	Prunes	frttr	0	50.0	72.0	83.0	86.8402	50.0	72.0	83.0	3.75	2	0.513	0.222	3	0.95	0.21	0.08	0	1	0.0	0	1	2.75	2.45	2.3	1.75	2.75	2.45	2.3
88	211	Olives	frttr	woods-grass combination, poor	50.0	72.0	83.0	86.8402	50.0	72.0	83.0	3.75	2	0.513	0.222	3	0.95	0.21	0.08	0	1	0.0	0	1	2.75	2.45	2.3	1.75	2.75	2.45	2.3
89	212	Oranges	frttr	woods-grass combination, poor	50.0	72.0	83.0	86.8402	50.0	72.0	83.0	3.75	2	0.513	0.222	3	0.95	0.21	0.08	0	1	0.0	0	1	2.75	2.45	2.3	1.75	2.75	2.45	2.3
90	213	Honeydew Melons	melon	0	50.0	72.0	83.0	89.012	50.0	72.0	83.0	3.75	2	0.513	0.222	3	0.95	0.21	0.08	0	1	0.0	0	1	2.75	2.45	2.3	1.75	2.75	2.45	2.3
91	214	Broccoli	smveg	0	50.0	72.0	83.0	88.9774	50.0	72.0	83.0	3.75	2	0.513	0.222	3	0.95	0.21	0.08	0	1	0.0	0	1	2.75	2.45	2.3	1.75	2.75	2.45	2.3
92	216	Peppers	smveg	0	50.0	72.0	83.0	88.9774	50.0	72.0	83.0	3.75	2	0.513	0.222	3	0.95	0.21	0.08	0	1	0.0	0	1	2.75	2.45	2.3	1.75	2.75	2.45	2.3
93	217	Pomegranates	frttr	0	50.0	72.0	83.0	86.8402	50.0	72.0	83.0	3.75	2	0.513	0.222	3	0.95	0.21	0.08	0	1	0.0	0	1	2.75	2.45	2.3	1.75	2.75	2.45	2.3
94	218	Nectarines	frttr	0	50.0	72.0	83.0	86.8402	50.0	72.0	83.0	3.75	2	0.513	0.222	3	0.95	0.21	0.08	0	1	0.0	0	1	2.75	2.45	2.3	1.75	2.75	2.45	2.3
95	219	Greens	smveg	0	50.0	72.0	83.0	88.9774	50.0	72.0	83.0	3.75	2	0.513	0.222	3	0.95	0.21	0.08	0	1	0.0	0	1	2.75	2.45	2.3	1.75	2.75	2.45	2.3
96	220	Plums	frttr	0	50.0	72.0	83.0	86.8402	50.0	72.0	83.0	3.75	2	0.513	0.222	3	0.95	0.21	0.08	0	1	0.0	0	1	2.75	2.45	2.3	1.75	2.75	2.45	2.3
97	221	Strawberries	smveg	0	50.0	72.0	83.0	88.9774	50.0	72.0	83.0	3.75	2	0.513	0.222	3	0.95	0.21	0.08	0	1	0.0	0	1	2.75	2.45	2.3	1.75	2.75	2.45	2.3
98	222	Squash	smveg	0	50.0	72.0	83.0	88.9774	50.0	72.0	83.0	3.75	2	0.513	0.222	3	0.95	0.21	0.08	0	1	0.0	0	1	2.75	2.45	2.3	1.75	2.75	2.45	2.3
99	223	Apricots	frttr	0	50.0	72.0	83.0	86.8402	50.0	72.0	83.0	3.75	2	0.513	0.222	3	0.95	0.21	0.08	0	1	0.0	0	1	2.75	2.45	2.3	1.75	2.75	2.45	2.3
100	224	Vetch	vetch	0	50.0	72.0	83.0	89.176	50.0	72.0	83.0	3.75	2	0.513	0.222	3	0.95	0.21	0.08	0	1	0.0	0	1	2.75	2.45	2.3	1.75	2.75	2.45	2.3
101	225	Dbl Crop WinWht/Corn	dblcrp	small grain, SR, poor	54.0	76.0	81.0	85.0	54.0	76.0	81.0	3.75	2	0.513	0.222	3	0.95	0.21	0.08	0	1	0.0	0	1	2.75	2.45	2.3	1.75	2.75	2.45	2.3
102	226	Dbl Crop Oats/Corn	dblcrp	small grain, SR, poor	54.0	76.0	81.0	85.0	54.0	76.0	81.0	3.75	2	0.513	0.222	3	0.95	0.21	0.08	0	1	0.0	0	1	2.75	2.45	2.3	1.75	2.75	2.45	2.3
103	227	Lettuce	smveg	0	50.0	79.0974	86.1882	88.9774	79.0974	86.1882	88.9774	3.75	2	0.513	0.222	3	0.95	0.21	0.08	0	1	0.0	0	1	2.75	2.45	2.3	1.75	2.75	2.45	2.3
104	229	Pumpkins	melon	0	50.0	79.163	86.2315	89.012	79.163	86.2315	89.012	3.75	2	0.513	0.222	3	0.95	0.21	0.08	0	1	0.0	0	1	2.75	2.45	2.3	1.75	2.75	2.45	2.3
105	230	Dbl Crop Lettuce/Durum Wht	dblcrp	small grain, SR, poor	50.0	77.2565	84.9718	88.0067	77.2565	84.9718	88.0067	3.75	2	0.513	0.222	3	0.95	0.21	0.08	0	1	0.0	0	1	2.75	2.45	2.3	1.75	2.75	2.45	2.3
106	231	Dbl Crop Lettuce/Cantaloupe	dblcrp	small grain, SR, poor	50.0	77.2565	84.9718	88.0067	77.2565	84.9718	88.0067	3.75	2	0.513	0.222	3	0.95	0.21	0.08	0	1	0.0	0	1	2.75	2.45	2.3	1.75	2.75	2.45	2.3
107	232	Dbl Crop Lettuce/Cotton	dblcrp	small grain, SR, poor	50.0	77.2565	84.9718	88.0067	77.2565	84.9718	88.0067	3.75	2	0.513	0.222	3	0.95	0.21	0.08	0	1	0.0	0	1	2.75	2.45	2.3	1.75	2.75	2.45	2.3
108	233	Dbl Crop Lettuce/Barley	dblcrp	small grain, SR, poor	50.0	77.2565	84.9718	88.0067	77.2565	84.9718	88.0067	3.75	2	0.513	0.222	3	0.95	0.21	0.08	0	1	0.0	0	1	2.75	2.45	2.3	1.75	2.75	2.45	2.3
109	234	Dbl Crop Durum Wht/Sorghum	dblcrp	small grain, SR, poor	50.0	77.2565	84.9718	88.0067	77.2565	84.9718	88.0067	3.75	2	0.513	0.222	3	0.95	0.21	0.08	0	1	0.0	0	1	2.75	2.45	2.3	1.75	2.75	2.45	2.3
110	235	Dbl Crop Barley/Sorghum	dblcrp	small grain, SR, poor	50.0	77.2565	84.9718	88.0067	77.2565	84.9718	88.0067	3.75	2	0.513	0.222	3	0.95	0.21	0.08	0	1	0.0	0	1	2.75	2.45	2.3	1.75	2.75	2.45	2.3
111	236	Dbl Crop WinWht/Sorghum	dblcrp	small grain, SR, poor	50.0	76.0	81.0	85.0	54.0	76.0	81.0	3.75	2	0.513	0.222	3	0.95	0.21	0.08	0	1	0.0	0	1	2.75	2.45	2.3	1.75	2.75	2.45	2.3
112	237	Dbl Crop Barley/Corn	dblcrp	small grain, SR, poor	50.0	77.2565	84.9718	88.0067	77.2565	84.9718	88.0067	3.75	2	0.513	0.222	3	0.95	0.21	0.08	0	1	0.0	0	1	2.75	2.45	2.3	1.75	2.75	2.45	2.3
113	238	Dbl Crop WinWht/Cotton	dblcrp	small grain, SR, poor	54.0	76.0	81.0	85.0	54.0	76.0	81.0	3.75	2	0.513	0.222	3	0.95	0.21	0.08	0	1	0.0	0	1	2.75	2.45	2.3	1.75	2.75	2.45	2.3
114	239	Dbl Crop Soybeans/Cotton	dblcrp	small grain, SR, poor	54.0	76.0	81.0	85.0	54.0	76.0	81.0	3.75	2	0.513	0.222	3	0.95	0.21	0.08	0	1	0.0	0	1	2.75	2.45	2.3	1.75	2.75	2.45	2.3
115	240	Dbl Crop Soybeans/Oats	dblcrp	small grain, SR, poor	54.0	76.0	81.0	85.0	54.0	76.0	81.0	3.75	2	0.513	0.222	3	0.95	0.21	0.08	0	1	0.0	0	1	2.75	2.45	2.3	1.75	2.75	2.45	2.3
116	241	Dbl Crop Corn/Soybeans	dblcrp	small grain, SR, poor	63.4349	77.2565	84.9718	88.0067	77.2565	84.9718	88.0067	3.75	2	0.513	0.222	3	0.95	0.21	0.08	0	1	0.0	0	1	2.75	2.45	2.3	1.75	2.75	2.45	2.3
117	242	Blueberries	shrub	0	52.275	70.315	80.385	84.3462	70.315	80.385	84.3462	3.75	2	0.513	0.222	3	0.95	0.21	0.08	0	1	0.0	0	1	2.75	2.45	2.3	1.75	2.75	2.45	2.3
118	243	Cabbage	smveg	0	50.0	79.0974	86.1882	88.9774	79.0974	86.1882	88.9774	3.75	2	0.513	0.222	3	0.95	0.21	0.08	0	1	0.0	0	1	2.75	2.45	2.3	1.75	2.75	2.45	2.3
119	244	Cauliflower	smveg	0	50.0	79.0974	86.1882	88.9774	79.0974	86.1882	88.9774	3.75	2	0.513	0.222	3	0.95	0.21	0.08	0	1	0.0	0	1	2.75	2.45	2.3	1.75	2.75	2.45	2.3
120	245	Celery	smveg	0	50.0	79.0974	86.1882	88.9774	79.0974	86.1882	88.9774	3.75	2	0.513	0.222	3	0.95	0.21	0.08	0	1	0.0	0	1	2.75	2.45	2.3	1.75	2.75	2.45	2.3
121	246	Radishes	rootvg	0	50.0	79.474	86.437	89.176	79.474	86.437	89.176	3.75	2	0.513	0.222	3	0.95	0.21	0.08	0	1	0.0	0	1	2.75	2.45	2.3	1.75	2.75	2.45	2.3
122	247	Turnips	rootvg	0	50.0	79.474	86.437	89.176	79.474	86.437	89.176	3.75	2	0.513	0.222	3	0.95	0.21	0.08	0	1	0.0	0	1	2.75	2.45	2.3	1.75	2.75	2.45	2.3
123	248	Eggplants	smveg	0	50.0	79.0974	86.1882	88.9774	79.0974	86.1882	88.9774	3.75	2	0.513	0.222	3	0.95	0.21	0.08	0	1	0.0	0	1	2.75	2.45	2.3	1.75	2.75	2.45	2.3
124	249	Gourds	smveg	0	50.0	79.0974	86.1882	88.9774	79.0974	86.1882	88.9774	3.75	2	0.513	0.222	3	0.95	0.21	0.08	0	1	0.0	0	1	2.75	2.45	2.3	1.75	2.75	2.45	2.3
125	250	Cranberries	cran	0	50.0	69.522	79.861	83.928	69.522	79.861	83.928	3.75	2	0.513	0.222	3	0.95	0.21	0.08	0	1	0.0	0	1	2.75	2.45	2.3	1.75	2.75	2.45	2.3
126	254	Dbl Crop Barley/Soybeans	dblcrp	small grain, SR, poor	50.0	76.0	81.0	85.0	54.0	76.0	81.0	3.75	2	0.513	0.222	3	0.95	0.21	0.08	0	1	0.0	0	1	2.75	2.45	2.3	1.75	2.75	2.45	2.3
