lu_code	description	cn_1	cn_2	cn_3	cn_4	cn_5	cn_6	cn_7	max_net_infil_1	max_net_infil_2	max_net_infil_3	max_net_infil_4	max_net_infil_5	max_net_infil_6	max_net_infil_7	growing_season_interception	nongrowing_season_interception	rz_1	rz_2	rz_3	rz_4	rz_5	rz_6	rz_7
1	Corn	69.5000000000000000	79.5000000000000000	86.5000000000000000	90.0000000000000000	69.5000000000000000	79.5000000000000000	86.5000000000000000	7.40000000000000036	2.79999999999999982	1.80000000000000004	0.59999999999999998	7.40000000000000036	2.79999999999999982	1.80000000000000004	              0.015	                0.0	1.39999999999999991	1.45999999999999996	1.24199999999999999	1.23100000000000009	1.39999999999999991	1.45999999999999996	1.24199999999999999	
4	Sorghum	67.5000000000000000	79.5000000000000000	86.5000000000000000	90.0000000000000000	67.5000000000000000	79.5000000000000000	86.5000000000000000	7.40000000000000036	2.79999999999999982	1.80000000000000004	0.59999999999999998	7.40000000000000036	2.79999999999999982	1.80000000000000004	              0.034	                0.0	1.50000000000000000	1.41999999999999993	1.35000000000000009	1.29000000000000004	1.50000000000000000	1.41999999999999993	1.35000000000000009	
5	Soybeans	67.5000000000000000	79.5000000000000000	86.5000000000000000	90.0000000000000000	67.5000000000000000	79.5000000000000000	86.5000000000000000	7.40000000000000036	2.79999999999999982	1.80000000000000004	0.59999999999999998	7.40000000000000036	2.79999999999999982	1.80000000000000004	              0.014	                0.0	4.00000000000000000	3.33300000000000018	3.07200000000000006	3.44600000000000017	4.00000000000000000	3.33300000000000018	3.07200000000000006	
13	PopOrn Corn	69.5000000000000000	79.5000000000000000	86.5000000000000000	90.0000000000000000	69.5000000000000000	79.5000000000000000	86.5000000000000000	7.40000000000000036	2.79999999999999982	1.80000000000000004	0.59999999999999998	7.40000000000000036	2.79999999999999982	1.80000000000000004	              0.015	                0.0	1.50000000000000000	1.41999999999999993	1.35000000000000009	1.29000000000000004	1.50000000000000000	1.41999999999999993	1.35000000000000009	
23	Spring Wheat	64.0000000000000000	75.5000000000000000	83.0000000000000000	87.5000000000000000	64.0000000000000000	75.5000000000000000	83.0000000000000000	7.40000000000000036	2.79999999999999982	1.80000000000000004	0.59999999999999998	7.40000000000000036	2.79999999999999982	1.80000000000000004	              0.031	                0.0	1.23999999999999999	1.29299999999999993	1.10000000000000009	1.09000000000000008	1.23999999999999999	1.29299999999999993	1.10000000000000009	
24	Winter Wheat	64.0000000000000000	75.5000000000000000	83.0000000000000000	87.5000000000000000	64.0000000000000000	75.5000000000000000	83.0000000000000000	7.40000000000000036	2.79999999999999982	1.80000000000000004	0.59999999999999998	7.40000000000000036	2.79999999999999982	1.80000000000000004	              0.031	                0.0	1.23999999999999999	1.29299999999999993	1.10000000000000009	1.09000000000000008	1.23999999999999999	1.29299999999999993	1.10000000000000009	
27	Rye	64.0000000000000000	75.5000000000000000	83.0000000000000000	87.5000000000000000	64.0000000000000000	75.5000000000000000	83.0000000000000000	7.40000000000000036	2.79999999999999982	1.80000000000000004	0.59999999999999998	7.40000000000000036	2.79999999999999982	1.80000000000000004	              0.027	                0.0	1.23999999999999999	1.29299999999999993	1.10000000000000009	1.09000000000000008	1.23999999999999999	1.29299999999999993	1.10000000000000009	
28	Oats	64.0000000000000000	75.5000000000000000	83.0000000000000000	87.5000000000000000	64.0000000000000000	75.5000000000000000	83.0000000000000000	7.40000000000000036	2.79999999999999982	1.80000000000000004	0.59999999999999998	7.40000000000000036	2.79999999999999982	1.80000000000000004	              0.007	                0.0	1.23999999999999999	1.29299999999999993	1.10000000000000009	1.09000000000000008	1.23999999999999999	1.29299999999999993	1.10000000000000009	
36	Alfalfa	62.0000000000000000	74.5000000000000000	83.0000000000000000	87.0000000000000000	62.0000000000000000	74.5000000000000000	83.0000000000000000	7.40000000000000036	2.79999999999999982	1.80000000000000004	0.59999999999999998	7.40000000000000036	2.79999999999999982	1.80000000000000004	               0.02	                0.0	1.50000000000000000	1.41999999999999993	1.35000000000000009	1.29000000000000004	1.50000000000000000	1.41999999999999993	1.35000000000000009	
37	Other Hay/Non Alfalfa	65.0000000000000000	76.5000000000000000	84.5000000000000000	88.0000000000000000	65.0000000000000000	76.5000000000000000	84.5000000000000000	7.40000000000000036	2.79999999999999982	1.80000000000000004	0.59999999999999998	0.59999999999999998	0.59999999999999998	0.59999999999999998	               0.02	                0.0	1.50000000000000000	1.41999999999999993	1.35000000000000009	1.29000000000000004	1.50000000000000000	1.41999999999999993	1.35000000000000009	
41	Sugarbeets	65.0000000000000000	79.5000000000000000	86.5000000000000000	90.0000000000000000	65.0000000000000000	79.5000000000000000	86.5000000000000000	7.40000000000000036	2.79999999999999982	1.80000000000000004	0.59999999999999998	7.40000000000000036	2.79999999999999982	1.80000000000000004	              0.014	                0.0	1.50000000000000000	1.41999999999999993	1.35000000000000009	1.29000000000000004	1.50000000000000000	1.41999999999999993	1.35000000000000009	
42	Dry Beans	65.0000000000000000	75.5000000000000000	83.5000000000000000	87.5000000000000000	65.0000000000000000	75.5000000000000000	83.5000000000000000	7.40000000000000036	2.79999999999999982	1.80000000000000004	0.59999999999999998	7.40000000000000036	2.79999999999999982	1.80000000000000004	              0.014	                0.0	1.50000000000000000	1.41999999999999993	1.35000000000000009	1.46500000000000008	1.50000000000000000	1.41999999999999993	1.35000000000000009	
43	Potatoes	69.5000000000000000	79.5000000000000000	86.5000000000000000	90.0000000000000000	69.5000000000000000	79.5000000000000000	86.5000000000000000	7.40000000000000036	2.79999999999999982	1.80000000000000004	0.59999999999999998	7.40000000000000036	2.79999999999999982	1.80000000000000004	              0.014	                0.0	1.73449999999999993	1.58499999999999996	1.53099999999999992	1.31200000000000006	1.73449999999999993	1.58499999999999996	1.53099999999999992	
50	Cucumbers	69.5000000000000000	79.5000000000000000	86.5000000000000000	90.0000000000000000	69.5000000000000000	79.5000000000000000	86.5000000000000000	7.40000000000000036	2.79999999999999982	1.80000000000000004	0.59999999999999998	7.40000000000000036	2.79999999999999982	1.80000000000000004	              0.014	                0.0	1.00000000000000000	0.94999999999999996	0.90000000000000002	0.85999999999999999	1.00000000000000000	0.94999999999999996	0.90000000000000002	
57	Herbs	49.0000000000000000	76.5000000000000000	86.5000000000000000	90.0000000000000000	49.0000000000000000	76.5000000000000000	86.5000000000000000	7.40000000000000036	2.79999999999999982	1.80000000000000004	0.59999999999999998	7.40000000000000036	2.79999999999999982	1.80000000000000004	              0.014	                0.0	1.00000000000000000	0.88300000000000001	0.76700000000000002	0.75500000000000000	1.00000000000000000	0.88300000000000001	0.76700000000000002	
58	Clover/Wildflowers	69.5000000000000000	76.5000000000000000	86.5000000000000000	90.0000000000000000	69.5000000000000000	76.5000000000000000	86.5000000000000000	7.40000000000000036	2.79999999999999982	1.80000000000000004	0.59999999999999998	0.59999999999999998	0.59999999999999998	0.59999999999999998	              0.014	                0.0	1.25000000000000000	1.15149999999999997	1.35000000000000009	1.29000000000000004	1.25000000000000000	1.15149999999999997	1.35000000000000009	
59	Sod/grass seed	44.0000000000000000	65.0000000000000000	76.5000000000000000	82.0000000000000000	44.0000000000000000	65.0000000000000000	76.5000000000000000	7.40000000000000036	2.79999999999999982	1.80000000000000004	0.59999999999999998	7.40000000000000036	2.79999999999999982	1.80000000000000004	               0.02	              0.011	1.39999999999999991	1.33000000000000007	1.26000000000000001	1.35000000000000009	1.19999999999999996	1.19999999999999996	1.19999999999999996	
61	Fallow/Idle Cropland	77.0000000000000000	86.0000000000000000	91.0000000000000000	94.0000000000000000	77.0000000000000000	86.0000000000000000	91.0000000000000000	7.40000000000000036	2.79999999999999982	1.80000000000000004	0.59999999999999998	7.40000000000000036	2.79999999999999982	1.80000000000000004	                0.0	                0.0	1.60000000000000009	1.13300000000000001	1.26000000000000001	1.19999999999999996	1.39999999999999991	1.13300000000000001	1.19999999999999996	
66	Cherries	40.5000000000000000	63.0000000000000000	75.0000000000000000	81.0000000000000000	40.5000000000000000	63.0000000000000000	75.0000000000000000	7.40000000000000036	2.79999999999999982	1.80000000000000004	0.59999999999999998	7.40000000000000036	2.79999999999999982	1.80000000000000004	              0.028	              0.019	2.25000000000000000	2.14000000000000012	2.34850000000000003	2.00000000000000000	2.25000000000000000	2.14000000000000012	2.34850000000000003	
68	Apples	40.5000000000000000	63.0000000000000000	75.0000000000000000	81.0000000000000000	40.5000000000000000	63.0000000000000000	75.0000000000000000	7.40000000000000036	2.79999999999999982	1.80000000000000004	0.59999999999999998	7.40000000000000036	2.79999999999999982	1.80000000000000004	              0.028	              0.019	2.25000000000000000	2.14000000000000012	2.34850000000000003	2.00000000000000000	2.25000000000000000	2.14000000000000012	2.34850000000000003	
69	Grapes	40.5000000000000000	63.0000000000000000	75.0000000000000000	81.0000000000000000	40.5000000000000000	63.0000000000000000	75.0000000000000000	7.40000000000000036	2.79999999999999982	1.80000000000000004	0.59999999999999998	7.40000000000000036	2.79999999999999982	1.80000000000000004	              0.028	              0.186	2.00000000000000000	1.90349999999999997	1.68149999999999999	1.92999999999999994	2.00000000000000000	1.90349999999999997	1.68149999999999999	
70	Christmas Trees	40.5000000000000000	63.0000000000000000	75.0000000000000000	81.0000000000000000	40.5000000000000000	63.0000000000000000	75.0000000000000000	7.40000000000000036	2.79999999999999982	1.80000000000000004	0.59999999999999998	7.40000000000000036	2.79999999999999982	1.80000000000000004	              0.028	              0.028	2.25000000000000000	2.14000000000000012	2.34850000000000003	2.00000000000000000	2.25000000000000000	2.14000000000000012	2.34850000000000003	
92	Aquaculture	98.0000000000000000	98.0000000000000000	98.0000000000000000	98.0000000000000000	98.0000000000000000	98.0000000000000000	98.0000000000000000	7.40000000000000036	2.79999999999999982	1.80000000000000004	0.59999999999999998	0.59999999999999998	0.59999999999999998	0.59999999999999998	                0.0	                0.0	2.50000000000000000	2.37999999999999989	2.25999999999999979	2.14000000000000012	2.50000000000000000	2.37999999999999989	2.25999999999999979	
111	Open Water	98.0000000000000000	98.0000000000000000	98.0000000000000000	98.0000000000000000	98.0000000000000000	98.0000000000000000	98.0000000000000000	7.40000000000000036	2.79999999999999982	1.80000000000000004	0.59999999999999998	0.59999999999999998	0.59999999999999998	0.59999999999999998	                0.0	                0.0	0.0000000000000e+00	0.0000000000000e+00	0.0000000000000e+00	0.0000000000000e+00	0.0000000000000e+00	0.0000000000000e+00	0.0000000000000e+00	
121	Developed/Open Space	53.5000000000000000	70.0000000000000000	80.0000000000000000	84.5000000000000000	84.5000000000000000	84.5000000000000000	84.5000000000000000	7.40000000000000036	2.79999999999999982	1.80000000000000004	0.59999999999999998	0.59999999999999998	0.59999999999999998	0.59999999999999998	                0.0	                0.0	2.00000000000000000	2.00000000000000000	2.00000000000000000	2.00000000000000000	2.00000000000000000	2.00000000000000000	2.00000000000000000	
122	Developed/Low Intensity	57.5000000000000000	72.5000000000000000	81.5000000000000000	86.0000000000000000	86.0000000000000000	86.0000000000000000	86.0000000000000000	7.40000000000000036	2.79999999999999982	1.80000000000000004	0.59999999999999998	0.59999999999999998	0.59999999999999998	0.59999999999999998	                0.0	                0.0	2.00000000000000000	2.00000000000000000	2.00000000000000000	2.00000000000000000	2.00000000000000000	2.00000000000000000	2.00000000000000000	
123	Developed/Med Intensity	77.0000000000000000	85.0000000000000000	90.0000000000000000	92.0000000000000000	92.0000000000000000	92.0000000000000000	92.0000000000000000	7.40000000000000036	2.79999999999999982	1.80000000000000004	0.59999999999999998	0.59999999999999998	0.59999999999999998	0.59999999999999998	                0.0	                0.0	2.00000000000000000	2.00000000000000000	2.00000000000000000	2.00000000000000000	2.00000000000000000	2.00000000000000000	2.00000000000000000	
124	Developed/High Intensity	85.0000000000000000	90.0000000000000000	92.5000000000000000	94.0000000000000000	94.0000000000000000	94.0000000000000000	94.0000000000000000	7.40000000000000036	2.79999999999999982	1.80000000000000004	0.59999999999999998	0.59999999999999998	0.59999999999999998	0.59999999999999998	                0.0	                0.0	2.00000000000000000	2.00000000000000000	2.00000000000000000	2.00000000000000000	2.00000000000000000	2.00000000000000000	2.00000000000000000	
131	Barren	77.0000000000000000	86.0000000000000000	91.0000000000000000	94.0000000000000000	94.0000000000000000	94.0000000000000000	94.0000000000000000	7.40000000000000036	2.79999999999999982	1.80000000000000004	0.59999999999999998	0.59999999999999998	0.59999999999999998	0.59999999999999998	                0.0	                0.0	1.25000000000000000	1.41999999999999993	1.35000000000000009	1.29000000000000004	1.14500000000000002	1.29000000000000004	1.29000000000000004	
141	Deciduous Forest	45.8999999999999986	69.1500000000000057	73.5000000000000000	80.0000000000000000	80.0000000000000000	80.0000000000000000	80.0000000000000000	7.40000000000000036	2.79999999999999982	1.80000000000000004	0.59999999999999998	0.59999999999999998	0.59999999999999998	0.59999999999999998	              0.028	              0.019	3.50000000000000000	3.33300000000000018	2.66699999999999982	2.31849999999999978	2.63700000000000001	2.98499999999999988	2.66699999999999982	
142	Evergreen Forest	47.0000000000000000	63.0000000000000000	75.0000000000000000	81.0000000000000000	81.0000000000000000	81.0000000000000000	81.0000000000000000	7.40000000000000036	2.79999999999999982	1.80000000000000004	0.59999999999999998	0.59999999999999998	0.59999999999999998	0.59999999999999998	              0.028	              0.028	4.00000000000000000	3.75249999999999995	3.10749999999999993	3.51600000000000001	4.00000000000000000	3.33300000000000018	3.09149999999999991	
143	Mixed Forest	44.7999999999999972	68.5499999999999972	73.5000000000000000	80.0000000000000000	80.0000000000000000	80.0000000000000000	80.0000000000000000	7.40000000000000036	2.79999999999999982	1.80000000000000004	0.59999999999999998	0.59999999999999998	0.59999999999999998	0.59999999999999998	              0.028	              0.023	4.00000000000000000	4.00800000000000001	3.32500000000000018	3.94700000000000006	4.00000000000000000	3.33300000000000018	3.30699999999999994	
152	Shrubland	35.0000000000000000	56.0000000000000000	70.0000000000000000	77.0000000000000000	77.0000000000000000	77.0000000000000000	77.0000000000000000	7.40000000000000036	2.79999999999999982	1.80000000000000004	0.59999999999999998	0.59999999999999998	0.59999999999999998	0.59999999999999998	              0.017	              0.007	2.00000000000000000	1.89999999999999991	1.80000000000000004	2.00000000000000000	1.70999999999999996	1.70999999999999996	1.70999999999999996	
176	Grassland/Pasture	53.5000000000000000	70.0000000000000000	80.0000000000000000	84.5000000000000000	84.5000000000000000	84.5000000000000000	84.5000000000000000	7.40000000000000036	2.79999999999999982	1.80000000000000004	0.59999999999999998	0.59999999999999998	0.59999999999999998	0.59999999999999998	              0.129	                0.0	2.70000000000000018	2.81599999999999984	2.71749999999999980	2.10000000000000009	2.37300000000000022	2.37300000000000022	2.70650000000000013	
190	Woody Wetlands	66.5000000000000000	76.5000000000000000	84.0000000000000000	87.5000000000000000	87.5000000000000000	87.5000000000000000	87.5000000000000000	7.40000000000000036	2.79999999999999982	1.80000000000000004	0.59999999999999998	0.59999999999999998	0.59999999999999998	0.59999999999999998	              0.012	                0.0	2.35000000000000009	2.81599999999999984	2.39500000000000002	2.37300000000000022	2.00000000000000000	2.02000000000000002	2.37300000000000022	
195	Herbaceous Wetlands	57.7500000000000000	76.5000000000000000	84.0000000000000000	87.5000000000000000	87.5000000000000000	87.5000000000000000	87.5000000000000000	7.40000000000000036	2.79999999999999982	1.80000000000000004	0.59999999999999998	0.59999999999999998	0.59999999999999998	0.59999999999999998	              0.012	                0.0	4.04999999999999982	4.22400000000000020	3.59200000000000008	3.56000000000000005	3.56000000000000005	3.56000000000000005	3.56000000000000005	
206	Carrots	69.5000000000000000	79.5000000000000000	86.5000000000000000	90.0000000000000000	69.5000000000000000	79.5000000000000000	86.5000000000000000	7.40000000000000036	2.79999999999999982	1.80000000000000004	0.59999999999999998	7.40000000000000036	2.79999999999999982	1.80000000000000004	              0.009	                0.0	1.00000000000000000	0.94999999999999996	0.90000000000000002	1.00000000000000000	1.00000000000000000	0.94999999999999996	0.90000000000000002	
207	Asparagus	69.5000000000000000	79.5000000000000000	86.5000000000000000	90.0000000000000000	69.5000000000000000	79.5000000000000000	86.5000000000000000	7.40000000000000036	2.79999999999999982	1.80000000000000004	0.59999999999999998	7.40000000000000036	2.79999999999999982	1.80000000000000004	                0.0	                0.0	1.00000000000000000	0.94999999999999996	0.90000000000000002	0.85999999999999999	1.00000000000000000	0.94999999999999996	0.90000000000000002	
242	Blueberries	35.0000000000000000	56.0000000000000000	70.0000000000000000	77.0000000000000000	35.0000000000000000	56.0000000000000000	70.0000000000000000	7.40000000000000036	2.79999999999999982	1.80000000000000004	0.59999999999999998	7.40000000000000036	2.79999999999999982	1.80000000000000004	              0.028	              0.019	1.00000000000000000	0.94999999999999996	0.90000000000000002	0.85999999999999999	1.00000000000000000	0.94999999999999996	0.90000000000000002	
