lu_code	description	Count	Percent	cn_1	cn_2	cn_3	cn_4	cn_5	cn_6	cn_7	max_net_infil_1	max_net_infil_2	max_net_infil_3	max_net_infil_4	max_net_infil_5	max_net_infil_6	max_net_infil_7	growing_season_interception	nongrowing_season_interception	root depth min	root zone max	rz_1	rz_2	rz_3	rz_4	rz_5	rz_6	rz_7
1	Corn	131920551	31.65	67	78	85	89	67	78	85	4	0.6	0.24	0.12	4	0.6	0.24	0	0	1	1.7	5.57736	4.81184	4.04632	3.2808	5.57736	4.81184	4.04632
2	Cotton	24198	0.01	71	80	87	90	71	80	87	4	0.6	0.24	0.12	4	0.6	0.24	0	0	1	1.7	5.57736	4.81184	4.04632	3.2808	5.57736	4.81184	4.04632
3	Rice	32587	0.01	71	80	87	90	71	80	87	4	0.6	0.24	0.12	4	0.6	0.24	0	0	0.5	1	3.2808	2.734	2.1872	1.6404	3.2808	2.734	2.1872
4	Sorghum	1399	0	72	81	88	91	72	81	88	4	0.6	0.24	0.12	4	0.6	0.24	0	0	1	2	6.5616	5.468	4.3744	3.2808	6.5616	5.468	4.3744
5	Soybeans	40678351	9.76	67	78	85	91	72	81	88	4	0.6	0.24	0.12	4	0.6	0.24	0	0	0.6	1.3	4.26504	3.49952	2.734	1.96848	4.26504	3.49952	2.734
10	Peanuts	165	0	67	78	85	91	72	81	88	4	0.6	0.24	0.12	4	0.6	0.24	0	0	0.5	1	3.2808	2.734	2.1872	1.6404	3.2808	2.734	2.1872
11	Tobacco	4853	0	67	78	85	91	72	81	88	4	0.6	0.24	0.12	4	0.6	0.24	0	0	0.4	0.7	2.29656	1.96848	1.6404	1.31232	2.29656	1.96848	1.6404
12	Sweet Corn	18778	0	67	78	85	89	67	78	85	4	0.6	0.24	0.12	4	0.6	0.24	0	0	0.8	1.2	3.93696	3.49952	3.06208	2.62464	3.93696	3.49952	3.06208
13	Pop or Orn Corn	215793	0.05	67	78	85	89	67	78	85	4	0.6	0.24	0.12	4	0.6	0.24	0	0	1	1.7	5.57736	4.81184	4.04632	3.2808	5.57736	4.81184	4.04632
14	Mint	1815	0	67	78	85	91	72	81	88	4	0.6	0.24	0.12	4	0.6	0.24	0	0	0.3	0.5	1.6404	1.42168	1.20296	0.98424	1.6404	1.42168	1.20296
24	Winter Wheat	70240	0.02	65	76	84	88	65	76	84	4	0.6	0.24	0.12	4	0.6	0.24	0	0	1.5	1.8	5.90544	5.57736	5.24928	4.9212	5.90544	5.57736	5.24928
26	Dbl Crop WinWht/Soybeans	522228	0.13	67	78	85	91	72	81	88	4	0.6	0.24	0.12	4	0.6	0.24	0	0	0.6	1.3	4.26504	3.49952	2.734	1.96848	4.26504	3.49952	2.734
27	Rye	4224	0	65	76	84	88	65	76	84	4	0.6	0.24	0.12	4	0.6	0.24	0	0	0.6	1	3.2808	2.84336	2.40592	1.96848	3.2808	2.84336	2.40592
28	Oats	589	0	65	76	84	88	65	76	84	4	0.6	0.24	0.12	4	0.6	0.24	0	0	1	1.5	4.9212	4.3744	3.8276	3.2808	4.9212	4.3744	3.8276
36	Alfalfa	2946505	0.71	64	75	82	85	64	75	82	4	0.6	0.24	0.12	4	0.6	0.24	0	0	1	2	6.5616	5.468	4.3744	3.2808	6.5616	5.468	4.3744
37	Other Hay/Non Alfalfa	1959818	0.47	64	75	82	85	64	75	82	4	0.6	0.24	0.12	4	0.6	0.24	0	0	0.6	0.9	2.95272	2.62464	2.29656	1.96848	2.95272	2.62464	2.29656
42	Dry Beans	3177	0	67	78	85	91	72	81	88	4	0.6	0.24	0.12	4	0.6	0.24	0	0	0.6	0.9	2.95272	2.62464	2.29656	1.96848	2.95272	2.62464	2.29656
43	Potatoes	8597	0	67	78	85	91	72	81	88	4	0.6	0.24	0.12	4	0.6	0.24	0	0	0.4	0.6	1.96848	1.74976	1.53104	1.31232	1.96848	1.74976	1.53104
44	Other Crops	16	0	67	78	85	89	67	78	85	4	0.6	0.24	0.12	4	0.6	0.24	0	0	0.5	1.5	4.9212	3.8276	2.734	1.6404	4.9212	3.8276	2.734
47	Misc Vegs & Fruits	5	0	67	78	85	89	67	78	85	4	0.6	0.24	0.12	4	0.6	0.24	0	0	0.5	1.5	4.9212	3.8276	2.734	1.6404	4.9212	3.8276	2.734
48	Watermelons	467	0	67	78	85	89	67	78	85	4	0.6	0.24	0.12	4	0.6	0.24	0	0	0.8	1.5	4.9212	4.15568	3.39016	2.62464	4.9212	4.15568	3.39016
49	Onions	140	0	67	78	85	89	67	78	85	4	0.6	0.24	0.12	4	0.6	0.24	0	0	0.3	0.6	1.96848	1.6404	1.31232	0.98424	1.96848	1.6404	1.31232
50	Cucmbers	30074	0.01	67	78	85	89	67	78	85	4	0.6	0.24	0.12	4	0.6	0.24	0	0	0.7	1.2	3.93696	3.39016	2.84336	2.29656	3.93696	3.39016	2.84336
53	Peas	47	0	67	78	85	89	67	78	85	4	0.6	0.24	0.12	4	0.6	0.24	0	0	0.6	1	3.2808	2.84336	2.40592	1.96848	3.2808	2.84336	2.40592
54	Tomatoes	52	0	67	78	85	89	67	78	85	4	0.6	0.24	0.12	4	0.6	0.24	0	0	0.7	1.5	4.9212	4.04632	3.17144	2.29656	4.9212	4.04632	3.17144
56	Hops	3	0	67	78	85	91	72	81	88	4	0.6	0.24	0.12	4	0.6	0.24	0	0	1	1.2	3.93696	3.71824	3.49952	3.2808	3.93696	3.71824	3.49952
57	Herbs	1122	0	67	78	85	91	72	81	88	4	0.6	0.24	0.12	4	0.6	0.24	0	0	0.3	0.5	1.6404	1.42168	1.20296	0.98424	1.6404	1.42168	1.20296
58	Clover/Wildflowers	1361	0	49	69	79	84	49	69	79	4	0.6	0.24	0.12	4	0.6	0.24	0	0	0.6	0.9	2.95272	2.62464	2.29656	1.96848	2.95272	2.62464	2.29656
59	Sod/grass seed	46677	0.01	39	61	74	80	39	61	74	4	0.6	0.24	0.12	4	0.6	0.24	0	0	0.5	1	3.2808	2.734	2.1872	1.6404	3.2808	2.734	2.1872
60	Switchgrass	1	0	49	69	79	84	49	69	79	4	0.6	0.24	0.12	4	0.6	0.24	0	0	1	1.5	4.9212	4.3744	3.8276	3.2808	4.9212	4.3744	3.8276
61	Fallow/Idle Cropland	29718	0.01	76	85	90	93	76	85	90	4	0.6	0.24	0.12	4	0.6	0.24	0	0	0.2	0.2	0.65616	0.65616	0.65616	0.65616	0.65616	0.65616	0.65616
66	Cherries	45161	0.01	45	66	77	83	45	66	77	4	0.6	0.24	0.12	4	0.6	0.24	0.05	0	1	2	6.5616	5.468	4.3744	3.2808	6.5616	5.468	4.3744
67	Peaches	2065	0	45	66	77	83	45	66	77	4	0.6	0.24	0.12	4	0.6	0.24	0.05	0	1	2	6.5616	5.468	4.3744	3.2808	6.5616	5.468	4.3744
68	Apples	184700	0.04	45	66	77	83	45	66	77	4	0.6	0.24	0.12	4	0.6	0.24	0.05	0	1	2	6.5616	5.468	4.3744	3.2808	6.5616	5.468	4.3744
69	Grapes	91069	0.02	58	69	77	80	58	69	77	4	0.6	0.24	0.12	4	0.6	0.24	0	0	1	2	6.5616	5.468	4.3744	3.2808	6.5616	5.468	4.3744
70	Christmas Trees	162	0	45	66	77	83	45	66	77	4	0.6	0.24	0.12	4	0.6	0.24	0.1	0.1	1	1.5	4.9212	4.3744	3.8276	3.2808	4.9212	4.3744	3.8276
71	Other Tree Crops	9	0	45	66	77	83	45	66	77	4	0.6	0.24	0.12	4	0.6	0.24	0.05	0	1	2	6.5616	5.468	4.3744	3.2808	6.5616	5.468	4.3744
74	Pecans	241	0	45	66	77	83	45	66	77	4	0.6	0.24	0.12	4	0.6	0.24	0.05	0	2	3.1	10.17048	8.96752	7.76456	6.5616	10.17048	8.96752	7.76456
76	Walnuts	9579	0	36	60	73	79	36	60	73	4	0.6	0.24	0.12	4	0.6	0.24	0.05	0	1.7	2.4	7.87392	7.1084	6.34288	5.57736	7.87392	7.1084	6.34288
77	Pears	567	0	45	66	77	83	45	66	77	4	0.6	0.24	0.12	4	0.6	0.24	0.05	0	1	2	6.5616	5.468	4.3744	3.2808	6.5616	5.468	4.3744
92	Aquaculture	2	0	100	98	98	98	100	98	98	4	0.6	0.24	0.12	4	0.6	0.24	0	0			2.5	2.5	2.5	2.5	2.5	2.5	2.5
111	Open Water	7325880	1.76	100	98	98	98	100	98	98	0	0	0	0	0	0	0	0	0			0	0	0	0	0	0	0
121	Developed/Open Space	19574142	4.7	39	61	74	80	39	61	74	4	0.6	0.24	0.12	4	0.6	0.24	0	0			2.5	2.5	2.5	2.5	2.5	2.5	2.5
122	Developed/Low Intensity	14636403	3.51	46	65	77	82	46	65	77	4	0.6	0.24	0.12	4	0.6	0.24	0	0			1.5	1.5	1.5	1.5	1.5	1.5	1.5
123	Developed/Med Intensity	5354304	1.28	54	70	80	85	54	70	80	4	0.6	0.24	0.12	4	0.6	0.24	0	0			1.5	1.5	1.5	1.5	1.5	1.5	1.5
124	Developed/High Intensity	2187483	0.52	81	88	91	93	81	88	91	4	0.6	0.24	0.12	4	0.6	0.24	0	0			1.5	1.5	1.5	1.5	1.5	1.5	1.5
131	Barren	438571	0.11	77	86	91	94	77	86	91	4	0.6	0.24	0.12	4	0.6	0.24	0	0			1.5	1.5	1.5	1.5	1.5	1.5	1.5
141	Deciduous Forest	99461237	23.86	36	60	73	79	36	60	73	4	0.6	0.24	0.12	4	0.6	0.24	0.1	0	1	2	6.5616	5.468	4.3744	3.2808	6.5616	5.468	4.3744
142	Evergreen Forest	1469550	0.35	36	60	73	79	36	60	73	4	0.6	0.24	0.12	4	0.6	0.24	0.18	0.18	1	1.5	4.9212	4.3744	3.8276	3.2808	4.9212	4.3744	3.8276
143	Mixed Forest	150285	0.04	36	60	73	79	36	60	73	4	0.6	0.24	0.12	4	0.6	0.24	0.14	0.07			5.7414	4.9212	4.101	3.2808	5.7414	4.9212	4.101
152	Shrubland	10449	0	35	56	70	77	35	56	70	4	0.6	0.24	0.12	4	0.6	0.24	0	0	0.5	1.5	4.9212	3.8276	2.734	1.6404	4.9212	3.8276	2.734
176	Grassland/Pasture	48436527	11.62	30	58	71	78	30	58	71	4	0.6	0.24	0.12	4	0.6	0.24	0	0	0.5	1.5	4.9212	3.8276	2.734	1.6404	4.9212	3.8276	2.734
190	Woody Wetlands	6386409	1.53	30	48	65	73	30	48	65	4	0.6	0.24	0.12	4	0.6	0.24	0.1	0	0.25	0.6	1.96848	1.58572	1.20296	0.8202	1.96848	1.58572	1.20296
195	Herbaceous Wetlands	1787506	0.43	30	48	65	73	30	48	65	4	0.6	0.24	0.12	4	0.6	0.24	0.08	0	0.25	0.6	1.96848	1.58572	1.20296	0.8202	1.96848	1.58572	1.20296
207	Asparagus	49	0	67	78	85	89	67	78	85	4	0.6	0.24	0.12	4	0.6	0.24	0	0	1.2	1.8	5.90544	5.24928	4.59312	3.93696	5.90544	5.24928	4.59312
209	Cantaloupes	491	0	67	78	85	89	67	78	85	4	0.6	0.24	0.12	4	0.6	0.24	0	0	0.8	1.5	4.9212	4.15568	3.39016	2.62464	4.9212	4.15568	3.39016
216	Peppers	368	0	67	78	85	89	67	78	85	4	0.6	0.24	0.12	4	0.6	0.24	0	0	0.5	1	3.2808	2.734	2.1872	1.6404	3.2808	2.734	2.1872
219	Greens	186	0	67	78	85	89	67	78	85	4	0.6	0.24	0.12	4	0.6	0.24	0	0	0.3	0.5	1.6404	1.42168	1.20296	0.98424	1.6404	1.42168	1.20296
220	Plums	39	0	67	78	85	89	67	78	85	4	0.6	0.24	0.12	4	0.6	0.24	0	0	1	2	6.5616	5.468	4.3744	3.2808	6.5616	5.468	4.3744
222	Squash	1843	0	67	78	85	89	67	78	85	4	0.6	0.24	0.12	4	0.6	0.24	0	0	0.6	1	3.2808	2.84336	2.40592	1.96848	3.2808	2.84336	2.40592
225	Dbl Crop WinWht/Corn	1512	0	67	78	85	89	67	78	85	4	0.6	0.24	0.12	4	0.6	0.24	0	0	1	1.7	5.57736	4.81184	4.04632	3.2808	5.57736	4.81184	4.04632
229	Pumpkins	197	0	67	78	85	89	67	78	85	4	0.6	0.24	0.12	4	0.6	0.24	0	0	1	1.5	4.9212	4.3744	3.8276	3.2808	4.9212	4.3744	3.8276
242	Blueberries	97747	0.02	67	78	85	89	67	78	85	4	0.6	0.24	0.12	4	0.6	0.24	0	0	0.6	1.2	3.93696	3.2808	2.62464	1.96848	3.93696	3.2808	2.62464
243	Cabbage	4061	0	67	78	85	89	67	78	85	4	0.6	0.24	0.12	4	0.6	0.24	0	0	0.5	0.8	2.62464	2.29656	1.96848	1.6404	2.62464	2.29656	1.96848
245	Celery	454	0	67	78	85	89	67	78	85	4	0.6	0.24	0.12	4	0.6	0.24	0	0	0.3	0.5	1.6404	1.42168	1.20296	0.98424	1.6404	1.42168	1.20296
247	Turnips	1	0	67	78	85	89	67	78	85	4	0.6	0.24	0.12	4	0.6	0.24	0	0	0.5	1	3.2808	2.734	2.1872	1.6404	3.2808	2.734	2.1872
